66
2.545989 -0.162686 -5.835598
2.545989 -0.158233 -0.243599
2.545989 5.329765 -0.247969
2.545989 5.325313 -5.839968
-2.982011 -0.158233 -0.243599
-2.982011 -0.158233 -0.243599
-2.950011 -0.162686 -5.835598
-3.014011 5.325313 -5.839968
-3.014011 5.325313 -5.839968
-3.014011 5.329765 -0.247969
-2.950011 -0.162686 -5.835598
2.545989 -0.162686 -5.835598
2.545989 5.325313 -5.839967
-3.014011 5.325313 -5.839967
-3.014011 5.329765 -0.247969
-3.014011 5.325313 -5.839968
2.545989 5.325313 -5.839968
2.545989 5.329765 -0.247969
-2.982011 -0.158233 -0.243599
2.545989 -0.158233 -0.243599
2.545989 -0.162686 -5.835598
-2.950011 -0.162686 -5.835598
1.245989 1.491249 -0.894913
1.725989 1.489975 -2.494912
0.145989 1.489601 -2.964912
-0.354011 1.490859 -1.384912
-0.354011 -0.159141 -1.383599
-0.354011 1.490859 -1.384912
0.145989 1.489601 -2.964912
0.145989 -0.160399 -2.963598
1.245989 -0.15875 -0.893599
1.245989 1.491249 -0.894913
-0.354011 1.490859 -1.384912
-0.354011 -0.159141 -1.383599
1.725989 -0.160024 -2.493598
1.725989 1.489975 -2.494912
1.245989 1.491249 -0.894913
1.245989 -0.15875 -0.893599
0.145989 -0.160399 -2.963598
0.145989 1.489601 -2.964912
1.725989 1.489975 -2.494912
1.725989 -0.160024 -2.493598
-1.684011 3.139799 -2.716226
-0.104011 3.139409 -3.206226
-0.594011 3.138135 -4.806226
-2.174011 3.138533 -4.306226
-1.684011 -0.1602 -2.713598
-1.684011 3.139799 -2.716226
-2.174011 3.138533 -4.306226
-2.174011 -0.161466 -4.303598
-2.174011 -0.161466 -4.303598
-2.174011 3.138533 -4.306226
-0.594011 3.138135 -4.806226
-0.594011 -0.161864 -4.803598
-0.594011 -0.161864 -4.803598
-0.594011 3.138135 -4.806226
-0.104011 3.139409 -3.206226
-0.104011 -0.16059 -3.203598
-0.104011 -0.16059 -3.203598
-0.104011 3.139409 -3.206226
-1.684011 3.139799 -2.716226
-1.684011 -0.1602 -2.713598
-0.884011 5.319334 -2.517968
-0.884011 5.318497 -3.567968
0.415989 5.318497 -3.567968
0.415989 5.319334 -2.517968
96
1
3
0
1
2
3
4
7
9
5
6
8
10
12
13
10
11
12
15
17
14
15
16
17
19
21
18
19
20
21
22
24
25
27
29
26
31
33
30
35
37
34
39
41
38
22
23
24
27
28
29
31
32
33
35
36
37
39
40
41
43
45
42
46
48
49
51
53
50
55
57
54
59
61
58
43
44
45
46
47
48
51
52
53
55
56
57
59
60
61
63
65
62
63
64
65

66
-1.0 0.0 0.0
-1.0 0.0 0.0
-1.0 0.0 0.0
-1.0 0.0 0.0
1.0 0.0058 -0.0
0.9999 0.0117 0.0057
0.9999 0.0117 0.0057
1.0 0.0058 -0.0
0.9999 0.0117 0.0057
1.0 0.0058 -0.0
0.0 0.0008 1.0
0.0 0.0008 1.0
0.0 0.0008 1.0
0.0 0.0008 1.0
0.0 -1.0 0.0008
0.0 -1.0 0.0008
0.0 -1.0 0.0008
0.0 -1.0 0.0008
0.0 1.0 -0.0008
0.0 1.0 -0.0008
0.0 1.0 -0.0008
0.0 1.0 -0.0008
0.0 1.0 -0.0008
0.0 1.0 -0.0008
0.0 1.0 -0.0008
0.0 1.0 -0.0008
-0.9534 -0.0002 -0.3017
-0.9534 -0.0002 -0.3017
-0.9534 -0.0002 -0.3017
-0.9534 -0.0002 -0.3017
-0.2928 0.0008 0.9562
-0.2928 0.0008 0.9562
-0.2928 0.0008 0.9562
-0.2928 0.0008 0.9562
0.9578 0.0002 0.2873
0.9578 0.0002 0.2873
0.9578 0.0002 0.2873
0.9578 0.0002 0.2873
0.2851 -0.0008 -0.9585
0.2851 -0.0008 -0.9585
0.2851 -0.0008 -0.9585
0.2851 -0.0008 -0.9585
-0.0 1.0 -0.0008
-0.0 1.0 -0.0008
-0.0 1.0 -0.0008
-0.0 1.0 -0.0008
-0.9556 0.0002 0.2945
-0.9556 0.0002 0.2945
-0.9556 0.0002 0.2945
-0.9556 0.0002 0.2945
-0.3017 -0.0008 -0.9534
-0.3017 -0.0008 -0.9534
-0.3017 -0.0008 -0.9534
-0.3017 -0.0008 -0.9534
0.9562 -0.0002 -0.2928
0.9562 -0.0002 -0.2928
0.9562 -0.0002 -0.2928
0.9562 -0.0002 -0.2928
0.2962 0.0008 0.9551
0.2962 0.0008 0.9551
0.2962 0.0008 0.9551
0.2962 0.0008 0.9551
0.0 -1.0 0.0008
0.0 -1.0 0.0008
0.0 -1.0 0.0008
0.0 -1.0 0.0008
